35.040

  90.91   55.56   76.92   83.33   71.43   90.91   62.50   76.92   76.92  100.00   90.91   58.82   83.33   58.82   71.43   66.67   90.91  111.11   76.92   62.50   58.82   62.50   66.67   66.67   90.91   66.67   71.43   83.33   71.43   62.50   55.56   83.33   83.33   58.82   76.92  100.00   45.45   58.82   90.91   90.91   47.62   52.63   55.56   71.43  100.00   90.91   58.82   55.56   71.43   90.91   90.91   62.50   62.50   62.50   76.92   83.33   71.43   62.50   83.33   55.56   50.00   76.92   90.91   58.82   66.67   71.43   90.91   58.82   66.67   76.92   55.56  100.00   76.92   58.82   66.67   83.33   58.82   83.33   66.67  100.00   58.82   62.50  100.00  100.00   76.92   66.67   76.92  125.00   83.33   83.33   83.33   55.56   71.43   66.67   71.43   62.50   66.67   71.43  100.00   76.92 


eliminate exp
25.180

  90.91   55.56   76.92   83.33   71.43   90.91   62.50   76.92   76.92  100.00   90.91   58.82   83.33   58.82   71.43   66.67   90.91  111.11   76.92   62.50   58.82   62.50   66.67   66.67   90.91   66.67   71.43   83.33   71.43   62.50   55.56   83.33   83.33   58.82   76.92  100.00   45.45   58.82   90.91   90.91   47.62   52.63   55.56   71.43  100.00   90.91   58.82   55.56   71.43   90.91   90.91   62.50   62.50   62.50   76.92   83.33   71.43   62.50   83.33   55.56   50.00   76.92   90.91   58.82   66.67   71.43   90.91   58.82   66.67   76.92   55.56  100.00   76.92   58.82   66.67   83.33   58.82   83.33   66.67  100.00   58.82   62.50  100.00  100.00   76.92   66.67   76.92  125.00   83.33   83.33   83.33   55.56   71.43   66.67   71.43   62.50   66.67   71.43  100.00   76.92


eliminate mul
24.880

  90.91   55.56   76.92   83.33   71.43   90.91   62.50   76.92   76.92  100.00   90.91   58.82   83.33   58.82   71.43   66.67   90.91  111.11   76.92   62.50   58.82   62.50   66.67   66.67   90.91   66.67   71.43   83.33   71.43   62.50   55.56   83.33   83.33   58.82   76.92  100.00   45.45   58.82   90.91   90.91   47.62   52.63   55.56   71.43  100.00   90.91   58.82   55.56   71.43   90.91   90.91   62.50   62.50   62.50   76.92   83.33   71.43   62.50   83.33   55.56   50.00   76.92   90.91   58.82   66.67   71.43   90.91   58.82   66.67   76.92   55.56  100.00   76.92   58.82   66.67   83.33   58.82   83.33   66.67  100.00   58.82   62.50  100.00  100.00   76.92   66.67   76.92  125.00   83.33   83.33   83.33   55.56   71.43   66.67   71.43   62.50   66.67   71.43  100.00   76.92

n=100
24.840
24.890

  90.91   55.56   76.92   83.33   71.43   90.91   62.50   76.92   76.92  100.00   90.91   58.82   83.33   58.82   71.43   66.67   90.91  111.11   76.92   62.50   58.82   62.50   66.67   66.67   90.91   66.67   71.43   83.33   71.43   62.50   55.56   83.33   83.33   58.82   76.92  100.00   45.45   58.82   90.91   90.91   47.62   52.63   55.56   71.43  100.00   90.91   58.82   55.56   71.43   90.91   90.91   62.50   62.50   62.50   76.92   83.33   71.43   62.50   83.33   55.56   50.00   76.92   90.91   58.82   66.67   71.43   90.91   58.82   66.67   76.92   55.56  100.00   76.92   58.82   66.67   83.33   58.82   83.33   66.67  100.00   58.82   62.50  100.00  100.00   76.92   66.67   76.92  125.00   83.33   83.33   83.33   55.56   71.43   66.67   71.43   62.50   66.67   71.43  100.00   76.92 

n=10
0.390

rescale sca_v
n=100
24.740
  90.91   55.56   76.92   83.33   71.43   90.91   62.50   76.92   76.92  100.00   90.91   58.82   83.33   58.82   71.43   66.67   90.91  111.11   76.92   62.50   58.82   62.50   66.67   66.67   90.91   66.67   71.43   83.33   71.43   62.50   55.56   83.33   83.33   58.82   76.92  100.00   45.45   58.82   90.91   90.91   47.62   52.63   55.56   71.43  100.00   90.91   58.82   55.56   71.43   90.91   90.91   62.50   62.50   62.50   76.92   83.33   71.43   62.50   83.33   55.56   50.00   76.92   90.91   58.82   66.67   71.43   90.91   58.82   66.67   76.92   55.56  100.00   76.92   58.82   66.67   83.33   58.82   83.33   66.67  100.00   58.82   62.50  100.00  100.00   76.92   66.67   76.92  125.00   83.33   83.33   83.33   55.56   71.43   66.67   71.43   62.50   66.67   71.43  100.00   76.92

24.110
  90.91   55.56   76.92   83.33   71.43   90.91   62.50   76.92   76.92  100.00   90.91   58.82   83.33   58.82   71.43   66.67   90.91  111.11   76.92   62.50   58.82   62.50   66.67   66.67   90.91   66.67   71.43   83.33   71.43   62.50   55.56   83.33   83.33   58.82   76.92  100.00   45.45   58.82   90.91   90.91   47.62   52.63   55.56   71.43  100.00   90.91   58.82   55.56   71.43   90.91   90.91   62.50   62.50   62.50   76.92   83.33   71.43   62.50   83.33   55.56   50.00   76.92   90.91   58.82   66.67   71.43   90.91   58.82   66.67   76.92   55.56  100.00   76.92   58.82   66.67   83.33   58.82   83.33   66.67  100.00   58.82   62.50  100.00  100.00   76.92   66.67   76.92  125.00   83.33   83.33   83.33   55.56   71.43   66.67   71.43   62.50   66.67   71.43  100.00   76.92
  90.91   55.56   76.92   83.33   71.43   90.91   62.50   76.92   76.92  100.00   90.91   58.82   83.33   58.82   71.43   66.67   90.91  111.11   76.92   62.50   58.82   62.50   66.67   66.67   90.91   66.67   71.43   83.33   71.43   62.50   55.56   83.33   83.33   58.82   76.92  100.00   45.45   58.82   90.91   90.91   47.62   52.63   55.56   71.43  100.00   90.91   58.82   55.56   71.43   90.91   90.91   62.50   62.50   62.50   76.92   83.33   71.43   62.50   83.33   55.56   50.00   76.92   90.91   58.82   66.67   71.43   90.91   58.82   66.67   76.92   55.56  100.00   76.92   58.82   66.67   83.33   58.82   83.33   66.67  100.00   58.82   62.50  100.00  100.00   76.92   66.67   76.92  125.00   83.33   83.33   83.33   55.56   71.43   66.67   71.43   62.50   66.67   71.43  100.00   76.92
  90.91   55.56   76.92   83.33   71.43   90.91   62.50   76.92   76.92  100.00   90.91   58.82   83.33   58.82   71.43   66.67   90.91  111.11   76.92   62.50   58.82   62.50   66.67   66.67   90.91   66.67   71.43   83.33   71.43   62.50   55.56   83.33   83.33   58.82   76.92  100.00   45.45   58.82   90.91   90.91   47.62   52.63   55.56   71.43  100.00   90.91   58.82   55.56   71.43   90.91   90.91   62.50   62.50   62.50   76.92   83.33   71.43   62.50   83.33   55.56   50.00   76.92   90.91   58.82   66.67   71.43   90.91   58.82   66.67   76.92   55.56  100.00   76.92   58.82   66.67   83.33   58.82   83.33   66.67  100.00   58.82   62.50  100.00  100.00   76.92   66.67   76.92  125.00   83.33   83.33   83.33   55.56   71.43   66.67   71.43   62.50   66.67   71.43  100.00   76.92 
24.170

